

                        [38;2;0;0;0m ████████████████████████████████
                        [38;2;0;0;0m█[38;2;254;254;254m█████[38;2;253;253;253m█[38;2;254;254;254m███████████████[38;2;253;253;253m█[38;2;254;254;254m██████████[38;2;0;0;0m█
                        [38;2;0;0;0m█[38;2;254;254;254m█████[38;2;253;253;253m█[38;2;254;254;254m███████████████[38;2;253;253;253m█[38;2;254;254;254m██████████[38;2;0;0;0m█
                        [38;2;0;0;0m█[38;2;254;254;254m█████[38;2;253;253;253m█[38;2;254;254;254m███████████████[38;2;253;253;253m█[38;2;254;254;254m██████████[38;2;0;0;0m█
                        [38;2;0;0;0m█[38;2;254;254;254m█████[38;2;253;253;253m█[38;2;254;254;254m███████████████[38;2;253;253;253m█[38;2;254;254;254m██████████[38;2;0;0;0m█
                        [38;2;0;0;0m█[38;2;254;254;254m█████[38;2;253;253;253m█[38;2;254;254;254m███████████████[38;2;253;253;253m█[38;2;254;254;254m██████████[38;2;0;0;0m█
                        [38;2;0;0;0m [38;2;254;254;254m██[38;2;0;0;0m██████████████████████████████
                        [38;2;0;0;0m [38;2;254;254;254m██[38;2;0;0;0m█              
                        [38;2;1;0;0m█[38;2;0;0;0m█  
[38;2;0;0;0m             [38;2;2;3;5m█[38;2;4;5;9m█[38;2;1;2;4m██[38;2;2;3;5m█[38;2;0;0;0m    
[38;2;0;0;0m            [38;2;8;17;24m█[38;2;197;214;221m█[38;2;196;213;221m█[38;2;195;213;220m██[38;2;198;212;220m█[38;2;0;3;7m█[38;2;0;0;0m   
[38;2;0;0;0m       [38;2;0;2;10m█[38;2;0;2;11m█[38;2;196;208;214m█[38;2;234;239;242m█[38;2;197;209;215m█[38;2;198;214;223m█[38;2;198;215;223m█[38;2;197;214;222m█[38;2;195;213;220m█[38;2;194;211;218m█[38;2;198;213;219m█[38;2;197;211;219m█[38;2;197;206;212m█[38;2;0;0;0m  
[38;2;0;0;0m     [38;2;0;5;14m [38;2;2;2;4m█[38;2;194;212;218m█[38;2;243;243;248m█[38;2;200;213;220m█[38;2;195;214;224m█[38;2;198;215;223m█[38;2;197;214;222m█[38;2;198;215;223m█[38;2;195;214;223m█[38;2;241;243;246m█[38;2;156;166;168m█[38;2;195;213;220m█[38;2;197;211;219m█[38;2;74;77;82m█[38;2;0;0;0m  
[38;2;0;0;0m     [38;2;81;90;95m█[38;2;243;242;247m█[38;2;242;243;245m█[38;2;198;213;220m█[38;2;196;214;222m█[38;2;198;215;222m█[38;2;198;215;223m█[38;2;198;215;222m█[38;2;198;215;223m█[38;2;197;213;221m█[38;2;75;76;80m█[38;2;156;165;170m█[38;2;195;212;219m█[38;2;0;2;3m█[38;2;2;7;10m█[38;2;1;5;11m█[38;2;0;0;0m 
[38;2;0;0;0m    [38;2;3;2;4m█[38;2;215;225;227m█[38;2;197;212;220m█[38;2;195;215;222m█[38;2;197;213;221m█[38;2;197;213;222m██[38;2;197;213;221m█[38;2;198;214;222m█[38;2;200;214;223m█[38;2;197;213;222m█[38;2;195;213;220m█[38;2;198;212;218m█[38;2;0;2;7m█[38;2;200;210;219m█[38;2;197;217;224m█[38;2;197;215;223m█[38;2;0;5;6m█
[38;2;0;0;0m   [38;2;0;2;8m█[38;2;200;215;222m█[38;2;196;211;218m█[38;2;196;213;220m█[38;2;195;212;220m█[38;2;198;215;223m█[38;2;195;213;220m█[38;2;196;212;220m█[38;2;197;214;221m█[38;2;198;214;223m█[38;2;199;216;224m█[38;2;197;214;222m█[38;2;198;213;220m█[38;2;73;84;89m█[38;2;197;211;216m█[38;2;195;205;214m█[38;2;7;11;16m█[38;2;195;213;219m█[38;2;3;4;8m█
[38;2;0;0;0m  [38;2;1;5;9m█[38;2;201;215;220m█[38;2;195;213;220m█[38;2;197;214;221m█[38;2;198;213;220m█[38;2;195;213;220m████[38;2;195;212;220m██[38;2;198;215;222m█[38;2;195;214;220m█[38;2;195;212;219m█[38;2;196;212;219m█[38;2;1;2;6m█[38;2;2;2;4m█[38;2;163;176;186m█[38;2;1;6;6m█[38;2;0;0;0m 
[38;2;0;0;0m  [38;2;1;5;9m█[38;2;198;211;221m█[38;2;195;213;219m█[38;2;195;213;220m█[38;2;198;213;220m█[38;2;195;213;219m██[38;2;195;213;220m█[38;2;197;214;221m█[38;2;195;213;220m█[38;2;195;213;219m█[38;2;197;215;222m█[38;2;5;3;4m█[38;2;195;213;220m█[38;2;171;188;196m█[38;2;158;173;181m█[38;2;159;173;181m█[38;2;5;5;9m█[38;2;0;0;0m  
[38;2;0;0;0m  [38;2;4;5;10m█[38;2;198;212;217m█[38;2;195;213;220m█[38;2;199;214;221m█[38;2;196;212;219m██[38;2;195;212;219m█[38;2;195;212;220m█[38;2;201;211;218m█[38;2;198;215;222m█[38;2;195;210;216m█[38;2;197;215;225m█[38;2;160;174;183m█[38;2;0;4;7m█[38;2;0;3;5m█[38;2;0;0;5m█[38;2;1;2;6m█[38;2;0;0;0m   
[38;2;0;0;0m  [38;2;4;3;7m█[38;2;198;211;221m█[38;2;195;212;220m█[38;2;195;211;218m█[38;2;196;213;220m█[38;2;197;213;221m█[38;2;198;215;222m█[38;2;1;9;13m█[38;2;198;212;218m█[38;2;195;214;220m█[38;2;11;19;22m█[38;2;163;178;185m█[38;2;1;10;9m█[38;2;0;7;10m█[38;2;159;172;178m█[38;2;159;174;181m█[38;2;0;3;4m█[38;2;0;0;0m   
[38;2;0;0;0m [38;2;2;8;10m█[38;2;196;214;221m█[38;2;199;215;222m█[38;2;197;213;221m█[38;2;196;214;221m█[38;2;197;213;221m█[38;2;198;215;222m█[38;2;197;213;221m█[38;2;2;8;12m█[38;2;196;214;221m█[38;2;195;214;220m█[38;2;1;5;8m█[38;2;2;5;7m█[38;2;0;0;0m [38;2;2;3;5m█[38;2;157;174;181m█[38;2;161;176;181m█[38;2;7;3;3m█[38;2;0;0;0m   
[38;2;3;7;8m█[38;2;197;214;221m█[38;2;201;218;225m█[38;2;196;218;224m█[38;2;199;218;224m█[38;2;197;216;222m██[38;2;199;218;224m█[38;2;197;217;222m█[38;2;197;213;218m█[38;2;198;217;223m█[38;2;195;218;223m█[38;2;0;8;16m█[38;2;0;0;0m  [38;2;5;5;11m█[38;2;161;178;185m█[38;2;2;8;7m█[38;2;0;0;0m    
[38;2;3;7;8m█[38;2;197;214;221m█[38;2;198;217;222m█[38;2;3;11;13m█[38;2;3;13;15m█[38;2;15;16;14m█[38;2;2;7;14m█[38;2;2;7;12m█[38;2;3;6;14m█[38;2;198;212;218m█[38;2;198;217;223m█[38;2;195;218;223m█[38;2;0;6;14m█[38;2;0;0;0m   [38;2;2;6;12m█[38;2;0;0;0m     
[38;2;15;16;18m█[38;2;198;217;223m█[38;2;159;178;184m█[38;2;160;178;185m█[38;2;162;180;187m█[38;2;0;9;21m█[38;2;0;0;0m   [38;2;0;4;9m█[38;2;198;217;223m█[38;2;195;218;223m█[38;2;1;7;15m█[38;2;0;0;0m         
[38;2;3;5;7m█[38;2;197;217;223m█[38;2;160;177;184m█[38;2;161;178;185m██[38;2;99;110;123m█[38;2;0;0;0m    [38;2;4;8;9m█[38;2;0;8;9m█[38;2;0;0;0m          
[38;2;5;7;8m█[38;2;198;217;223m█[38;2;165;180;187m█[38;2;161;179;187m█[38;2;161;178;186m█[38;2;99;109;116m█[38;2;0;0;0m                
[38;2;6;10;13m█[38;2;199;220;229m█[38;2;163;182;189m██[38;2;160;181;190m█[38;2;109;110;111m█[38;2;0;0;0m                
[38;2;0;0;0m [38;2;5;13;16m█[38;2;198;215;222m█[38;2;160;177;184m█[38;2;7;8;12m█[38;2;0;0;0m                 
[38;2;0;0;0m [38;2;23;23;23m [38;2;2;6;5m█[38;2;3;7;8m█[38;2;0;0;0m                  [0m
